10000000000000001000000000000000000000000000000000001000000000000000000000001000000000000100000000000000001001000000000000000000000000000000000000000000000000000000000000000000000010000000000000000000
00000000000000000000000000000000000000000000000000000000000000000000000000000000000000000000000000000000000000000000000000000000000000000000000000000000000000000000000000000000000000000000100000000000
00000000000000000000000000000000000000000000000000000000100000000000000000000000000000000000000000000000000000000000100000001000010000000000000100000000000000000100000000000000000000100000000000000000
00000200000000000000000000000000000000000000000000010000000000000000000000000000000000001000000000000000000000000000000000010000000000000000000000100000000000000000000001000100000000100000000000000000
00000100000000000000000000000000000000000000000000000000000000000000000000000000000000000000000000000000000000000000000000000000000000000000000000000000000000000100000000000000000000000000000000000000
01000000000000000000000001000000000000000000000000000000000000010000000000000000000000000000000000000000000000000000100000000001000000000000000000000000000000000000000000101000000000000000000000000000
00000000000100000000000000000000000000000000000000000000000000000000000000000000000000000000000000010000000000000000000000000000000000000000000000000000000000000000000000000000000000000000000000000000
00000000000000000100000000000000000000000000000000100000000000000000000000000000000000000000000000000000000000000000000000000000000000000000000000000000000000000000000000000000000000000100000000000000
00000000000000000000000000000000000000100010000000000000000000000000000000000000000000000000100000000000000000000000000000000000000000000000000000000000000000000000000000000000000000000000000000100000
00000000000000000000000000000000000000000000000000000000000000000000000000000000000000000000000000000000000010000000000000100000000010000000000000000000000000000000000000000000000000010000000000000000
00000000000000000000000000000000000000000000010000000000000000000000000000000000000000000000000000000000000000010000000000000010000000000010000000000000000000000000000000000000000000000000000000000000
00000000000000000000000000000000000000000000000000000000000001000000000000000000000000000000000000000000000000000000000000000000000000000000010010000000000000000000000000000000000000000000000000000000
00000000000000000000000000000000000000000000000000000100000000000000000000000000001000000000000000000000000000000000000000000000000000000000000000000000000010000000000000000000000100100000000000000100
00000000000000000000000000100000000000000000000000000000000000000000000000000000000000000000000000000000000100100010000010000000000000000000000000000000000000000000000000000000000000000000000000000100
00000000000000000000000000000100000001000000000000000000000000000000000100000000000001000000010000000000000000000010000001000000000001000000000000000000000000000000000000000000000000000000000000000000
00000000000000000000000010000000000000000000000000000000000000000000000000000000000000000000000000000000000101000000000000000000000000000101000000000000000000000100001000000000000000001010000000000000
00000000000000000000000010000010000000000000000000000000000000000000001000000000000000000000000000000000000000000000000000000000000000000000000000000000000000000000000000000000000000110000000000000000
00000000000000000000000000000000000000000000000000000001000000000000000000000000000000000000000000000000000000000100000000000000000000000000000000000000000000010000000000000000000000000000000000000001
00000000001000000000000000000100000000000000000001000000000100010000000000000000000000000000000000000000000000100000000000000000000000100000000000000000000000000000000000000000000000000000000000010000
00000000000000000000000000000000000000000000000001000000000000000011000000000000000000000000000000000000000000000000000000001000000000000000000000000000000000000000000000000000000000000010000000000000
00000000000000000100000000000000000000100000000000000000000000000000000000000000000000000100001000000000000000000000000000000010000000000000000010000000000000000000000000000000000000000000000001000000
00000000000000000000000000000000000000000000000000000000100000000000000000000000000000000000000000100000001000000000000000000000000000000000000000000000000000000000000000000000000000010000001000000000
00000000000000000000000000000000000000000000000000000000000000000000000000000000000000000000000000000000000000000000000000000001000000000000000100000000000000000000000000000000000000000000000000000000
00000100000000000000000000000000000000001000000000000000000000000000000000000000000000000000000000000000000000000000000000000000000000001000000000000000000000000000000000000000000000001000000000000000
00000000000000000000000000000000100000000000000000000000000000000000000100000000000000000000000000000000000000000000000000000000000000000000000000000000000000000000000001000000000000000000000000000000
00001000000000000000000000000000000000000000000000000000000000000000000001000110000000000100000000000000000000000000000100000000000000000000000000000000000000000000000000000000000000000000000000000000
00000000000000000000000000000000000000000000000000000000000000000000000000000000100000000000000000000001000000000000000000000000000000000000000000000000000000000000000000000000000000000000000000000000
00000000000000000000000000000000000000000000000100000000000000000000010000000000000000000000000000000000000000000000001000000000000000001000000000000010000000000000000000000000000000000000000000000100
00001000000000000000000000000000000000000000000000000100000000000000000000000000000000000010000000000000000000000000000000000000000000000100000000000000000000000000000000000000000000000000000000000000
00010000000000000000000000000000000001000000000000000000000000000000000000000000000000000001000000000000000000000000000000000000000000000000000000000000000000000000000010000000000000001000000000000000
00000000100001000000000001000000000000000000000000000000000000000000000000000000000000000000010000000000000010000000000000100000000000000000000000000000000000000000000000000000000000000000000000000000
00000000000000000000000000000000000000001000000000000000000000000000000000000000000000000000000000000000000000000000000000000000000000000000001001000000000000000000000000000000000000000000000000000000
00000000000000000000000010000000000000000000000000100000000000000000000000000000000000100000000000000000000000000000000000001000000000001000000000000000000000000000100000000000000000000000000000000000
00000000000000000000000000000000100000000000000000000000000000000000000000000000000000000100000000000000000000000000000000000000000000000000001000000001000000000000000000000000000000000000000000000000
00000000000000000000000000100000000000000000000000000000100000000000000000000001000000000000001000000000000000000000000100000000000000000000000000000000000000000000000000000000000000000000000000000000
00000000000000000000000000000000000000000010000000000000000000000000000000000000100000000000000000000000000000000000000000000000000000000000000000000000000000000010000000100000000000000000100000000000
00000000000000000000000000000000000000000000000000000000000000000000000000000010000000000010000000000000010000001000000000000000000000000000000000000000000000100100000000000000000000000000000000000000
00000000001000000000000000000000000000000000000000000000000000000000000000000000000000000000000000000000000000000000000000000000000001100000000000000000000000000010000000000101000000000000000000000000
00000000000000000000000000000000000000000000000000000000000001000000000000000000000000001000000000000100000000000000000000000000000000000000000000000000000000000000000000100000000010100000000000000000
00000000000000001000000000000000000000000000000000000000000000000000000000000010000000000100000000000000000000000000000000000000001000000000000000000000000000000000000000000000000000000000000000000000
00000000000000000000000000000100000010000010000000000000000000000000000100000000000000000000000000000010000000000000010000000000000000000000000000000000000000000000000000000000000000000000000000000000
00000000000000000000010000000000000010000010010000000000000100000000000000000000010000000000000000000000000000000000000000000000000000000001000000010000000000000000000000000000000000000000000001000000
00000000000000000000000010001000000000000000000000000000000000000000000000000000000000000000000000000000010000000000000000000001000000000000000000000001000000000000000000000000000000000000000000000000
00000000000000000000000000000000000001000000000000000000000000000000000000000000000000000000000000000000000000000000000010001010000000000000000000000000000000000000000000000000000000100000000000000000
00000000000000000000000000000000000000000001000000000000000000000000000000000000000000000010000000000000000000000000010000000000000000000000000000100000000000000000000000000000000000000000000000000000
00000000000000000000000000000000000000000000000000000010000000000000000000000000000000000000000000000000000000000000000000000000000000000000000000000000000000000000000000000001000000000000000000000000
00001000000000000000000000000000100000000000000000000000000000000000000000000000000000000000000000000000000000000001000000000001000000000000000000000000000000000000000000000000000000000000000000000000
00000000000000000000000000000000000000000000000000100000000000000000000000000000001000000000000000100000000000000000000000000000000000000000010000000000000000000000000000000000100000000000000000000000
00000000000000000000000000000000010010000000000000000000000000000000000000000000000000000000001100000000000000000000000000000000000000000000000000000000000000000300000000000001000000000000000000000000
00000000000000000000100000000001000000000000000000000000000000000000000000000000000000000000000000000000000000000000000000000000000000000000000000000000000000000000010000000000000000010000000000000101
00000000000000000000000000000000000000000000000010000000000000000101000000000000000000000000000000000000000000000000000000000010000000000000000000001000000000001000000000000000000000000000000000000000
00000000000000000000001000000000000000000000000000000000000000000000000000000000000000000001000000000000001000000000000000100000000001000000011000000000000000000000001000000000000000000000000000000100
00000000000000000000000000000000000000000000000001000000000000000000000000000000000000000000000000000000100000000000000000000001000000000000000000000000000000000000000000000000000000000000000000000000
00000000000000000000000000000000000000000000000000000000001000000000000000000000000000000000000000000000000000000000000000001000000000000000000000000000000000000000000000001000001000000000000000000000
01000000000000000000000000000000001000000000000000000000000000000000000000000000000000000000000000000000000000000000000000000010000000000000000000000000001000000000000001000000000000000000000000000000
10000000000000000000000000000000000000000000000000000000000000000000000000000000000000000000000000000000000000000000000000000010000000000000001000000000000000000000000000000000000000000000000000000000
00000000010001000000000000000000000000000000000000000000000000000000000000000000000000000000000000000000001000000000000000000000000010000000000000000000000000000000000001000000000000100000000000000000
00110000000000000000000000000000000000000000000000000000000000000001000010000000000000000000000000000000000000000000000000000000000000000000000000000000000000000000010100000000000000010000000000100000
01000000000000000000000000000000000000000000000001000000000000000000000000000000000010000000000100000010000000000000000000000000000000000000000010000000000000001000000000000000001000000000000010000001
00000000000000000000000000000000000000000000000000000000100000000000000000000000000000000000000000000000000000000000000000000000000000000000000100000000000000000000000000000100000000000000000000000000
00000000000000000000000000000000000000000000000000000000000000000000100010000000000000000000000000000000000000001000000000000000000010000000010000000000000000000000000000000000000000000000001000000000
00000000010000000000000000000000000000000001000000000000000010000000000000000000000000100000000000000000000000000000000000000000000000000000100000000000000100000000000000000000000000000000100000000000
00000000000000000000000000000000000000000000000000000000000000000000000000000000000000000000000100000000000000100000000001000000000000000100000000000000000000000000000000000000000000000000000000100000
00000000000000000000000000000000001000000000001000000000000000000000000000000000000000000000000000000000000000000000000000000000000000000000000000000000000000000000000000000000010000000001000000000000
00000000000000000000100000000000000000000000000000000000000000000000000000000010000000000100000000000000000000000000000000000000000000000010000000000000000000000000000000000000000001000000000000000000
00000000000000000010000000000000000000000000000100000010000000000000001000000000000000000000000000000000101010000000000000000000000000000000000000000100000000100000000000001000000000000000100000000000
00000000000000000000000000000000000000000000000000000000010000001000000000000000000000000000000000000001000000000000000000010000010000000000000000000000000000000000000000000000000000000000000000000000
00000000000000000000000000000000000000000000000000000000000000000000000000000000000001000000000000000000000000000000000100000000000000000000000000001000000000000000000000001000000001000000000010000000
00000000000000000000000000000000000000000000000000000000010000000000000000000000000000000000000000000010000000000000000000000000000000000100000000000000000000000000000000000000000000000000000000000000
00000000000000000000000000000000000000000000000000000000000000000000000000000000000000000000000000000000000000000000000000000000000000000000000000000000000000000000000100000000000000010000000000000000
00000001000100000000100000000000000000000000000000000000000000000000000000000000000000000000000000000000000000010000000000100000000000000000000000100000000000000000000000000000000000010000000000000000
00000000000000000000000000000000000000000000000000000000100000000000000000000000000000000000000000000000000000000000000000000000000000000001010000000001000000100000000000000000000000000000000010000000
00000000100000000010000000001000100000000000000000000000000000000000000000000000000000000000000000000000000000000000000000000000000000000000001000000000000000000000000000001000000000000000000000000000
00000000000000000000000000000000000000000000000000000000010000000000000000000000000000000000000000000000000000000000000000000000000000000000000000000000000000000000000000000000010000000000000000000000
00000000000000000000000000100000000000000000100000000000000100000000000000000000001000000000000000000000000000000000000000000000000000000000000000000000000000000000100000000000000000000000000000000000
00000000000000001000000000000000000000000000000000000000000000000000000000000000000000000000000000000000000000000000000000000000000000000000000000000000000000001000000000000000000000000000000000000000
00000000000000000000000000000000000000000000000000000000000000000000000000000010000000000000000000000000000000000100000000000000000001000000010000000000000000000100000000000000000000000000000000000000
00010000100000000000000000000000000000000000000000000000000000000000000000100000000000000000110000000000000000000000000000000000000000000000000000000000000000000000000000000000000000000100100001000000
00000010000000000000000000010000000000000000000000001000000000000000001000000000000000000000000000000010000000000000100000000000000000000000000000000000010010000000000000000000000000000000100000000000
00000000000000000000000000000000000000000000000000000000000000000000000000000010000010000000000000000000000000000000000000000000000000000000000000000000000000000000000000000000000000000000000000000000
00010000000100000000000000010000000000000000000000000000000000000000000000010000000001000000000000000011000001000000000000000000000010000000000000000000000000000000000000000000000000000010000000000000
00001000000000000000000000000000000000000000000000000000000000000100000000000000000000001000000000000000000000000000000000000000000000000000010000000000000000000000000001000000000000000000000000000000
00000000000000000000000000000000000000000000000000000000000000000000000000000000000000000000000000000000000000000000000000000000000000000000000000010000000000000000000000000000000000000000000000000000
00010100000000001000000000000000000000000000000000010000000000010000000000001000000000000000011100000010000000000000000000000000000000000000000000000000000000000000000000000000000100000000010000000000
00010000000000000000000000000000000000100000000000000000000000000000000000000000000000000000000000000000000000000000000000000001000000000000000000000010000000000000000000000000000100000000000000000000
00000000000000000000000000000000000000000000000001000000000000000000000000000000000000000000000000000000000000000000000000010000000000000000000000000000001000000010000000000000001000000010000000000000
00000000000000000000000000000000100000000000000000000000000000000000000000000000000000010000000000000000000000000000000000000000000000000000000000000000000000000000000000000000000000000000000000100000
00000000000000000000000000000000000000000000000000000000000000100000000000000001000000000010000000000000000000000000000001000000000000000000000000000100000001000000000000000000000000000000000000000000
00000000000000000000000000000000000000000000000000000000000000000000000000010000000000000000000000000000000000000000000000000000000000000000000000001000000000000000000000000000000000000000000000000000
00000000000000001000000000000000000000000000000000000000000000000000000000000000000000000000000000000000000000000100000000000000000000000000000000100000000000000000000000000000000000000000000000000000
00000000000000000000000000000000000000000000000000000000001000010000000000000000000000000000000100000010000000000000000000000000000000000000000000000000000000000000000000101000000000000000000000100000
00000000000000000000000000000000000000000000000000001010000000000100000000000000000000000000000000000100000000000000000000000000000000000000000000000000000000000000000000000000000000000000000000000000
00000000000000001000000000000000000000000000000000000000000000000000000000000000000000000000000000000000000000000000000000000000000000000000000000000000000000000000100000000000000000000000000000000000
00000000000000000000000000000010000010000000000000000000000000000001000000000000000000000000000000000000000000000000000000000000000000000000000000000000000000000000000000000000000000000000000000000100
00000000000000000000000000000000000000000000000000000000000001000000000000000000000000000000000000000000000000000000000000000000000000000000000000000000000000000000000000000000000000000000000000000000
00000001000000000000000000000000000000001000000000000000000000000000000000000000001000000000000000000000000000000000000000000000000000000000000000000000000000000000000000000000110000000000000000000000
00000000000000000000000000000000000001000000000000000000000000000000000000000000000000000000000000000000000000000000000000000000000000000000000000000000000000000000000000000000000001000000000000000000
00000000000000000000000000000000000000000000000000000000000000000000100000000000000000000000000000000000000000000000000000000000000000101000000000000000000000000000000000000000000000000000000000000000
00000000000000000000000000000000000000000000000000000111000000000000000000000000000000000000000000000000000000000000100000010000000000000000000000000000000000000000000000000000000000000000000000001000
00000000000000000000000000000000000000000000000000000000000000000000000000000000000000000000000000000000000000000010000000000000000000000000000000000000000000000000000000000000000000000000000000000000
