00000000000000000000100000000000000000000000000000000000000000000000010000000000000000001000000000000000000000000000000000000000000000000100000000000000000000000000000000000000000000000000000000000000
00000000000000000000000000000000000000000000000000000000000000000000000000000000000000000000000000000000000000000000000000000000000000000000000000000000000000000000010001000000000100000000000000000000
00000000000000000000000000000000000000000000000000000010000100000000000000000000000000000000000000000000000000010000000000000000000000000000000000000000000000000100000000000000000000000000000000000000
00010200000000000000000000000000000000000000000000000000000000000000100000000000000000000000000000010000000000001000000000000000100000000000000000000000000000000000000000001000000000000000000100000000
00000000000000000000000000000100000000000000000000000000000000000000000000000000000000000001000000000000000000000000000000000000000000000000000000000000000000000000000000000000000000000000000000000000
00000000000000000100001000000000000000000010000000000000000000000000000000000000000000000000000000000010000000000010000000000000000000000000000000000000000000000000000000000000000000000010000000000000
00000000000000000000000000000000000001000100000000000000100000000000000000000000000000000000000100000000000000000000010000000000000000000000000000000000000000000000000000000000000100000000000000000000
00000000100001000000000000010000000000000000000000000000000110000000000000000000000000000000000000000000000000000000000000000000000000000000000000000000000000000000000000100000000000000000000100000000
00000000000000000000000000000000000000100000000000000000000001000000100000000000000000000000001000000000000000000000000000000100000000000000000000000000000000000000000000000000000001001000000010000000
00000000000000000000000000000000000000000000000000001010000000000000000000000000000000100000100000000000000000000000000000000000000000000000000000000000000000000000000000000000001000000000010000000000
10000000010000010000000000000000000000000000000000000000000000000000000000000000000000000000000000000000000100000000000000000000000001000010100000000000010000000000000000000000000000000000000000000000
00000100000000000000000000000010000000000000000000000000000000000000000000000000000000000000000000000000000000000000000000000000000000000000000000000000000000000000000000000000000000010000000000000000
00000000000000000000000001001000000000000000000000000000000000000000000000000000000000000000000000000000000000000000000000000000000000000000000000100000000000000000000000000000000000000000000000000000
11000000000000000000000000000000001000000000000100000000000000000000100000000000000000000000000001000000000000000000010000000000000000000000000000000000000010000010000000000000000000000000000000000000
00000000000001000000000000000000000000000000000010000000100000000100000000000000000000010000000000000000000000000000000010000000000000000010000000000000000000000000000000000000000000000000000000000000
00000000000000100000000001000000000010000000000000000000000000000000000000000000000000000000000000000000000000010000000000010000000000000000000000001000000000000000000000000000000000000000000000001000
00010100000000000000000000000000000000000000000000000000000000000000000000000000000000000000000000000000000000000000000000000010010000000001000000001000000000000000000000001000000000000000000000000000
00000000000000000000000000000000000000000000000000000000000000010000000000000000000000000000000000000010100000000000000000000000000000000000000000000000100000000000000000000000000000001000000000000000
00000000000000000000000000000000000000000000000000000000000000000000000000000000000000000000000000000000000000000000000000000000000000000000100000000000000000000000000000000000001000000000000000000000
00000000000000000000000000001000000000000000000000000000000000000000000000000000000000000000000000000000000000000000000000000000000010000000000000000000000000100001000000000000000000000000000000000000
00000000000000000000000000000000000000100000000000000000000000000000000000000000000010000000000000000000001000010000000010100000010000000000000000000000000000000000000000000000000000000000000000000000
01000000000000000000000000000000000000000000000000000000000000100000000000000000000000000001000000000000001000000000000000000000000000000000000000000000000000100000000000000000000000000000000000000000
00000000000000000000000000000000000000000000000000000000000000100000000000000000000000000000000000000000000000000000000100000000000000000000000000000000000000000000000000000000000000000100000000000000
00000000000000000000000000000000000000000000000000000000000100000000000000000000010000000000100000000000000000000000000000010000000000000000000000000000000000000000000000000000000000000000000010000000
00100000000000000000000000000000000000000000000000000000000000000000000000000000000000000000000010000000000000000000000101010000000000000000000000000000000000000000001000000000000000010000000000000000
00000000000000000000000000000000101000000000000100000001000000000000000000000000000000000000000010000000000000000000000000000000000001000010000000000000000000000000000000000000000000000001000000000000
00000000000000000000000010000000000000000000000000000000000000000000000000000000000000000000010000000001000000000000000000000000000000000000001000000000000000000100000000000000000000000000000000000000
00000000000000000000000000000000000000000000000000000000000001000000000000000000000000000100100000000000000000000000000000000000000000010000000000000000010000000000000000000000000000000000000000000000
00000000000000000000000000000000000000000000010000001000000000000000000000000000000100000000000000000000000000000000000000000000000000000000000000000000000000010000000010000010001000000000000000000000
00000000000000000011000000000000000000001000100000000000000000000000000000000000000000000000000010000000000000000000000000000000000000000000000000000000000000000000000100000000000000000000000000000000
00000000000000000000000000000000000000000000000000100000010000000000000000000000000000000000100000000000000000000000000000000000000000000000000000000000000000000000000001000000000000000000000000000000
00000000000000000000000000000000000000000000000000000000000000000000000000000000000000000000000000000000000000000000000000000000000000000000000000000000000000000000000000100000000000000000000000000000
00000000000100000000000000000000000000000000000000000000000000000000000000000010000000000000000000000000100000000000000000000000000000000000000000000000000000000000000000000000000000000000000000000000
00000000000000000000000000000000000000100000000100000000000000000000000001000000000000000000000000000000000000010000000000000000000001000000000000000100000000000000000000100000000000000000000000000000
00000000000000000000000000000000000000000000000000000011000000000000000000000000000000000000000000000000000000000000000000000000000000000000000000000000000000000000000000000000000000010000000000000000
00000000000000000000000000000000000010000000000000000000000000000000010000000000000000000000000000000000000000000000000000000000000000000000000000000000000000000000000000000000000000010000000000000000
00000000100000000000000000000000000000000000000000000000000000001000000000000000000000001000000000000000000000000000010000000000000000000000000000000000000000010000000000010000000000000000000000000000
00000000000000000000000000000000000000000000000000010000100000000000000000000000000100000000000000000000000000000000000000000000000000000000000000000010000000000000000000000000000000000000000000000000
00000000000000000000000000000000000000000000000000000000000000000000000000000000000000000000000000000000000000000000000000000000000000000000000000000000000000000000000000000000000000000000000000000000
00000000000000000000000000000001100000000000000000000000000000000000000000000000000000000000001000000000000000100000000000000000000000000001000000000000000000000000000000000000000000000000000000000000
00000000000001000000000000000000010000000000000000000000000000000000000000000000000000000000000000000000000000000000000000000000000000000000000000000000000000000000000000000000000000000001000000000000
00000000000000000010000000000000000000000000000000000000000000000000100000000000010000000000000000000000000000000000000000000000000000000001000000000000000000011000000000000000000010000000000000000000
00100010000000000000000000000000000100000000001000000000000000000000000000000000000000000100000000000000000000000100000000000000000000000001000000001000000000000000000000000000000000000000000000000000
00000000000000000010000000100000000000000000000000000000000000000000000000000000000010000000000000000000000000000000000000000000001000000000000000000000000000000000000000000000000000000000000000000000
00000000000000000000000000000000000000000000000000000000000000000001000001000000000000000000000000000000000000000000000000000000000000000000000000000000010000000000000010000000000000000000000000000000
01000000000000000000000000000000000000000000000000000000000001000000000001000000000000000000000000000000000000000000000000000000000000000000000000000000000010110000000000000001000000000000000000000000
00000000000000000000001010000000000000000000000000000000000000000000000000000000000000000000000000000000000000001000000000000000000000000000000000000000000000000000000010000000000000000000000000000000
00000000000000000000000000000000000000000000000000000000000000000000000000000000010000000000000000000000000000000000000000000000000000000000000000000000001100000000000010001000000000000011000000000000
00000000000000000000000000000000000000000000000000000000000000000000000010000000000100000000000100000000000000000000000000000000000000000000000000000000000000000000000000000000000000000000000000000000
00010000000000000010000000000000000000000000000000000000000000000000001000000000000000000000000001001000010000000000000000100000000000000000000000000000010000000000000000000000000000000000000000000000
00000000000000000000000000100000000000000000000000000000000000100000000000010000000000000000001000000000001000000000000000000000000000000000000000000000000000000000000000000100000000000000000000001000
00000000000000000000000000001000000000000000000000000000000000000000000000000000000100000000000010000000000000000000001000000000000000000000000000000000000000000000000000000000000010000000000000000000
01000000000000000000000000000000000000000100000000000000000000000001000000010000000000000000000000000000000000000001000000000000000000000000000000000000000000000000000000000000000000000000001000000000
00000000001000000000001000000000000000000000000000000000000000000000001000000000000000000000000000000000000000000000000000010000000000000100000000000000000000000000000000000000000000000000000000000000
00000000010000000000000000000000000000000000000000000000000000000000000000000000010000000000000010000000000000000000000000000000000000000000000000000000000000000000000000000000000000000000000000000000
00010010000000001000000000000101000000000000000000010000000000000000000000000000000000000000000000000000000000000000000000100000000000000000000000000000000000000000000000000001000000000000000000000000
00000000000000000000000000000000000000001000010000000000000100000000010000000000000000000000000000000000000000000000000000000000000000000010000000000000000000000000000100000000000010000000000000000000
00000000000000000000000100000000000000000000000000000000000000000000000000000000000100001000000000000001000000000000000000001000000000000000000000001000000000000001001000000000010000000000000000000000
00000000000000000000000000000000010000000000000000000000000000000000000000000000000000000000000000000000000000000000000000000000000100000000100000100000000000000000001000000000000000001000000000000000
00000000000000000000000000000000000000010000000000000000000100000000000000000000000000000000000000000000001000000001000000000000000000000000000000000000000000000000000000000000000000000000000000000000
00000100000000000000000000000000000000000000000000000000000000000000000000000000000000000000000000000000010000000000000000000000000000000000000000000000000000000000000000100000000000000000000000000000
00000000000000000010000001000000000000000000000000000000000000000000000000000010000000000000000000000000000000000000000000000000000000000000000000000000000010000000000000000000000000000000010010000000
00000000000000000000000000001000000000000000000000000000000000000000000000000000000000000000000000000000000000000000000000000000000000000000000000000000000000000000000000000000000000100000000000000001
00000000001000000000000000000000000100000000000000000100000000000000010000000000000000000010000000000000000000000000000000000000000000000000000000000000010000000000000000000000000000000000000000000010
00000000000000000000000000000000000000000000000000000000000001000001000000000000000000000000000000000000000000000000000000000000000000000000000000000000000001000000000000000000000000000000000000000000
00000000000000000000000000000000000000000000000000000000100000000000000000000000000000001000000000000000000000000000100000000000000000000000000000000000000000000000000000000000000000000100000000000000
00000000000000000000000000000000000000000000010000000000000000000000010000000000000000000000000000000100000000000000000000000000000001000000000000000000000001000000000000000000000000000000001000000000
00000000000000000000000000000000000000000000000000000000000000000000000000000000000000000000000000001000000000000000000000000000000000000000100001000000000000000000000000000000000001000000000000000000
00000000000000000000000000000000000000000000000000000000000000000000000000000000000000000000100000000000000100000000000000000011000000000000000000000000000000100000000000000000000000000000000000000000
00000000000000000000000000000000000000010000000000000000000000000110000000000000000000000000000000000000000000000000000000010000000001000000000010100000000000000100000000000000010000001000100000000000
00000000100000000000000000000000000000000000000000000000000000000000000000000000000000000000000000000000000000000000000000000000000000000001000000000000000000000000000000000000000000001000000000010000
00000000000000000000000000000000000000000000000000000000000000000001000000000000000000000000000000000000000000000000000000000000000000000000000000000000000000000000000000000000000000000000000000000000
00000000000000000000001000010000000000000000000000000000000010010000000010000000000000000000000000000000001000000001000000000000000000000000000000000000000000000000000000000000000000000000000000000000
00000000000000000000000000000000000000000000000000000000000000000000000010000000000000000000000000000000000000000000000001000000000000000001000000000000000000000000000000000000000000000000000000000000
00000000000000000000000000000000000000000000000000000000000000000000010000000000000000000000000000000000000000000000000000000000000000000000000000000000000000000000000000000000000010000000000000000000
00000000000000000000000000000000000000000000000000000000000000010100000000000000000000000000000000000000000100000000000000000000001010000000010001000000000000000000000000000000000000000000000000000000
00000000000010000001000000000001000000000000000000000000000000000000000000000000000000000010000000000000000000000000000000000000000000000000000010000000000000000000000000000000000000000000000000000000
00000000000000010000000000000000000000000000000000000000000000000000000100000000000000000000000000000000000000000000000000000100000000000000000000000000000000000000000000000000000000000000000000000000
00000000000000000000000000000000000000000000000000000000000000001000000000000000100000000000000000000000000100000000000000000000000000000000000100001000000000000000000000000000000000000000000000000000
00000000000000000000000000000000000000000000000000000000000000000000000000000000000000000000000000000000000000000000000000000000000000000000000000000000000000000000000000000000000000000000000000000000
00000000000000000000000000001000000000000000000000000000000000000010000000000000000000000000000000000000000001000000000000000000000000000000000000000000000000000000000000000000000000000000000000000000
00000000000000000000000000000000000000000000000000000000000000000000000000000000000000000000001000000000000000000000000000000000000000000000000000000000000000000000000000000000010000000000000100000000
00000000001000010000000000000000000000000000000000000000000000000000000000001000000000000000000000000000000000000000100000000000000000000000000000000000000000000000010000000000000000000000000000000000
00000000000000000000000000000000000000000000000001000000000010000000000000000000000000000000000000000000100000000000000000000000000000000000000000000000000000000000000000000000000010000000000000000010
00000000000000000000000000000000000000000000000000000000000001000000000000000000000000000000000000000000000000000000000000000000000010000000000000000000000000000000000010000000000000000000000000000000
00000001000000000000000000000000000000000001000000000000000000000000000000000000000000000000000000000000000000000000000000000000000000010000000000000000000000000000000000000000000000000000100000000000
00000010000000000000000000000000000000000000000000000000000000000000000000000000000000100000000000000000010000000000000000000000000000000000000000000000000000000000000000000000000000000000000000000000
00000000000000000100000000000000000000100000000010000000000000000000000000000000000000000000011000000000000000010000000000000000000000000000000000000000000000000000000000000000001000000000000000000000
00000000000000000000000000000000010000000000000000000000000000000000000000000000010000000000000000000100000000000010000000000000000000000000000000000000000000000000000000000000000000000000000000000000
00000000000001000000000000000000000000000100001000000000000000000000000000000000000000010000100000000000000000000000000000000000000000000000000000000000000000000000000000000000000000000000000000000010
00000000000000000000000000000000000000000000000000000000000000000000000000000000000000000000000000000000000000000000000000000000000000000000000000000000000000000000000000000000100000000000000000000000
00000000000000010000000000000000000000000000000000000000000000000000000000000000000000000000010000000000000000000000000000000000000000000000000000000000000001001000000000010000000000000000010000000000
00000000000100000000000000000000000000000000000000000000000000000000000000000000000000000000000000000000000000000000100000000000000000000000000000000000000000000000000000000000000000000000000000000000
00000000000000000000000000100000000100000000000000000000000010000000000001000000000000000000000000000000000010000010000001000000000000000000000000000100000000000000000000000000000000000000010000000000
00000100010000000000000010000000000000000000000000000000000000000000010000000001000000000000000000000000000000000000000000000010000000000000000000000000000000000010000000000000001000000000001000000000
00000000010100000000000000000000000000000000000001001000000000000000000000000000000000000000000000000000000000000000000000000000000001000000000000000001000000000000000000000000000000000000010000000000
00000000000000000000000010000000001000000010000000000000000000000000000000000000000000000000100000000000000000000000000000000000000001000000000000000000000000000000000000000000000000000000000000000000
00000000000000000000000000000000000000000000000000000010000000000000000000000000000000000000000000000100000000000000000000000000001000000000000000000000000000000000000000000000000000001000000000000000
00000000000000000000000000000000001000000000000000000000000000000000000000000000000001000000000000000000000000000000000000000001000000010000000000000000000000000000000000000000000000000000000300000000
00000000000000000000000000000010000000000000000000000000000000000000000000000000001000000000000000000000000000000000000000000000000000000000000000000000000001000000000000000000000001000000000000000000
